Run,Messages,Loss,Corruption,Time_bw_messages,Application_A,Transport_A,Transport_B,Application_B,Total_time,Throughput
Run,Messages,Loss,Corruption,Time_bw_messages,Application_A,Transport_A,Transport_B,Application_B,Total_time,Throughput
1,1000,0.8,0.0,1000.0,1000,24332,4873,999,1006988.062500,0.000992
2,1000,0.8,0.0,1000.0,1000,24302,4851,999,997716.062500,0.001001
3,1000,0.8,0.0,1000.0,1000,26248,5167,999,1040929.437500,0.000960
4,1000,0.8,0.0,1000.0,1000,25699,5211,999,1006588.312500,0.000992
5,1000,0.8,0.0,1000.0,1000,25519,5079,999,1051562.375000,0.000950
6,1000,0.8,0.0,1000.0,1000,24840,5051,999,1040366.062500,0.000960
7,1000,0.8,0.0,1000.0,1000,24350,4817,999,1011219.625000,0.000988
8,1000,0.8,0.0,1000.0,1000,24396,5007,999,997206.000000,0.001002
9,1000,0.8,0.0,1000.0,1000,24022,4852,999,996832.062500,0.001002
10,1000,0.8,0.0,1000.0,1000,25117,5020,999,1020315.062500,0.000979
