Run,Messages,Loss,Corruption,Time_bw_messages,Application_A,Transport_A,Transport_B,Application_B,Total_time,Throughput
1,1000,0.8,0.0,50.0,1000,5662,1165,11,51753.574219,0.000213
2,1000,0.8,0.0,50.0,1000,6704,1364,10,51911.769531,0.000193
3,1000,0.8,0.0,50.0,1000,5058,1014,10,50817.660156,0.000197
4,1000,0.8,0.0,50.0,1000,5470,1136,11,49974.332031,0.000220
5,1000,0.8,0.0,50.0,1000,5099,1031,10,51184.195312,0.000195
6,1000,0.8,0.0,50.0,1000,4925,1034,10,49559.527344,0.000202
7,1000,0.8,0.0,50.0,1000,5965,1148,10,50131.605469,0.000199
8,1000,0.8,0.0,50.0,1000,6004,1195,10,50395.601562,0.000198
9,1000,0.8,0.0,50.0,1000,5351,1068,11,48856.937500,0.000225
